0 15
0.405 10
0.410 12
0.415 13
0.420 15
6.570 14
6.915 13
9.370 14
9.530 15
30.005 9
30.010 11
30.015 13
30.020 15
52.405 14
52.420 15
67.110 9
67.115 11
67.120 13
67.125 15
67.200 14
69.435 15
90.705 14
90.720 15
90.805 14
90.820 15
93.810 9
93.815 11
93.820 13
93.825 15
96.405 14
96.420 15
96.505 14
96.520 15
98.750 14
99.910 13
100.540 14
101.790 15
107.215 14
107.805 12
107.810 9
107.815 12
107.820 14
108.105 8
108.110 10
108.115 12
108.120 14
110.285 15
113.305 8
113.310 10
113.315 13
113.320 15
115.110 13
115.115 14
115.125 15
128.805 14
128.820 15
129.505 14
129.520 15
129.805 14
129.820 15
173.605 14
173.620 15
173.905 14
173.920 15
