0 15
7.095 14
8.660 15
8.860 14
9.005 15
10.760 14
12.460 15
12.805 14
12.820 15
15.405 14
18.765 15
21.400 14
21.415 15
22.000 14
22.010 10
22.100 11
22.275 12
22.450 13
22.625 14
24.005 15
26.515 14
28.155 15
28.460 14
28.555 15
28.810 14
28.955 15
36.405 14
37.210 15
41.705 14
41.715 15
50.205 14
51.805 15
53.700 14
55.655 15
56.110 15
57.460 14
61.415 15
81.000 14
81.010 15
88.300 14
88.315 15
90.600 14
90.615 15
92.360 14
92.905 15
93.170 14
93.290 13
93.400 14
93.410 15
95.560 14
96.050 13
96.500 14
96.525 13
96.600 14
96.610 15
102.605 7
102.610 10
102.615 12
102.620 15
113.070 14
117.205 15
127.005 14
127.400 15
127.425 14
127.700 15
127.725 14
128.500 15
128.525 14
128.600 15
128.625 14
129.100 15
129.125 14
129.200 15
129.225 14
129.500 15
129.525 14
132.105 15
139.815 14
141.410 15
153.605 13
153.610 14
153.620 15
154.550 14
155.605 13
155.610 14
155.810 15
156.105 13
156.110 14
156.120 15
157.005 13
157.010 14
157.020 15
157.410 14
157.905 11
157.910 8
157.915 14
159.400 15
159.885 14
160.035 13
160.355 14
161.755 15
163.415 13
163.490 14
163.640 15
165.960 14
166.455 15
166.505 14
166.510 13
166.710 14
167.110 15
167.815 13
167.890 14
168.035 15
168.115 13
168.240 14
168.490 15
177.205 13
177.210 10
177.215 13
177.220 15
