0 6
0.340 7
0.985 8
1.625 9
2.270 10
2.915 11
3.560 12
4.205 13
4.845 14
5.490 15
25.060 14
28.010 15
29.510 14
41.845 15
59.410 9
59.435 10
59.485 11
59.535 12
59.580 13
59.630 14
59.680 15
89.835 14
89.885 13
91.835 14
95.685 15
97.715 13
97.815 14
98.010 15
98.110 13
98.185 14
98.330 15
99.515 8
99.545 9
99.600 10
99.655 11
99.710 12
99.765 13
99.820 14
99.875 15
100.015 13
100.040 14
100.090 15
101.510 14
101.515 15
104.910 14
105.510 15
119.705 15
119.710 14
120.605 15
133.910 14
134.305 15
134.610 12
134.615 8
134.645 9
134.700 10
134.755 11
134.810 12
134.870 13
134.925 14
134.980 15
142.715 14
145.410 15
150.610 10
150.660 11
150.755 12
150.850 13
150.945 14
151.040 15
167.760 14
172.305 15
175.110 15
175.115 14
176.655 15
