0 15
15.900 14
15.915 15
16.800 14
16.815 15
17.460 14
17.555 15
19.810 14
20.305 15
20.520 14
21.595 15
21.620 14
22.015 15
25.500 14
25.515 15
29.700 14
29.715 15
33.105 14
33.120 15
39.800 14
39.815 15
43.960 14
44.255 15
47.995 14
48.015 15
48.600 14
49.205 15
54.705 14
54.800 15
54.825 14
55.095 15
58.305 13
58.310 10
58.315 13
58.320 15
83.310 14
83.555 15
84.205 14
84.220 15
89.410 14
91.605 15
92.610 14
93.455 15
93.805 14
93.955 15
94.010 11
94.050 12
94.125 13
94.195 14
94.270 15
94.755 15
95.800 14
95.815 15
96.400 14
96.415 15
108.480 14
110.205 15
136.300 14
136.315 15
146.460 14
146.555 15
146.660 14
146.805 15
147.460 14
147.555 15
148.905 14
149.905 15
151.160 14
152.210 15
157.105 14
157.120 15
157.860 14
158.305 15
167.355 14
167.710 15
175.260 14
175.960 15
