0 15
44.005 14
44.255 15
48.850 14
51.255 15
59.005 14
59.020 15
68.515 14
69.600 15
69.620 14
69.700 15
69.720 14
72.605 15
82.500 14
82.515 15
85.420 14
86.695 15
86.720 14
87.015 15
88.865 14
90.715 15
94.000 14
96.105 13
97.350 14
98.850 15
103.405 14
103.420 15
117.785 14
120.600 15
122.705 14
123.610 15
123.970 14
124.020 15
141.660 14
141.810 15
143.305 14
143.320 15
143.605 14
143.615 15
148.795 14
148.815 15
149.695 14
149.715 15
161.205 14
162.060 15
170.805 14
170.820 15
