0 15
32.020 14
32.200 15
32.225 14
33.605 15
44.410 13
44.460 14
44.560 15
44.720 14
44.900 15
44.925 14
46.035 15
54.405 14
54.500 15
54.525 14
54.800 15
54.815 14
55.100 15
55.125 14
57.250 15
59.005 14
59.020 15
62.410 14
64.800 15
68.810 14
71.605 15
72.910 14
72.915 13
73.100 14
73.470 15
80.010 14
83.705 15
93.335 14
94.280 13
95.185 14
95.800 15
96.430 14
96.475 13
96.660 14
96.820 15
97.310 13
97.360 14
97.460 15
100.265 14
100.900 15
100.920 14
103.400 15
103.420 14
104.025 15
105.405 14
105.415 15
107.100 14
109.005 15
125.855 14
127.910 15
140.210 14
142.155 15
157.300 14
157.315 15
160.320 14
162.610 15
