0 15
3.610 8
3.635 9
3.675 10
3.715 11
3.760 12
3.800 13
3.840 14
3.880 15
5.460 14
5.555 15
9.100 14
9.115 15
18.360 14
18.455 15
20.010 13
20.085 14
20.235 15
23.710 14
24.010 15
24.225 14
24.245 13
24.270 12
24.290 11
24.340 12
24.415 13
24.490 14
24.565 15
25.790 14
26.300 15
26.325 14
26.500 15
26.525 14
26.600 15
26.625 14
26.800 15
26.825 14
26.900 15
26.925 14
27.100 15
27.125 14
27.200 15
27.225 14
27.400 15
27.425 14
27.630 15
28.510 10
28.540 11
28.600 12
28.655 13
28.715 14
28.775 15
29.360 14
29.455 15
38.800 14
38.815 15
41.760 14
42.205 15
42.615 14
44.535 15
46.310 14
47.260 15
47.860 14
47.955 15
48.405 14
49.890 15
51.615 14
53.105 15
56.010 13
56.035 14
56.080 15
56.460 14
56.555 15
113.410 14
113.605 15
114.560 14
114.755 15
115.455 14
115.655 15
118.910 14
119.305 15
124.460 14
125.355 15
130.960 14
131.055 15
132.355 14
132.760 15
133.960 14
134.055 15
135.415 14
137.405 15
143.010 14
143.155 15
148.455 14
148.605 15
148.860 14
148.955 15
159.055 14
159.205 15
161.660 14
161.755 15
162.060 14
162.255 15
164.215 14
165.595 15
165.620 14
165.695 15
165.720 14
165.795 15
175.855 14
176.205 15
176.410 14
