0 15
0.215 13
0.240 14
0.285 15
1.710 14
3.710 15
5.760 15
11.265 14
12.510 15
12.660 14
12.760 13
12.905 14
13.105 15
13.510 15
16.635 14
16.685 13
16.755 14
16.855 15
19.110 14
19.115 13
19.165 14
19.260 15
20.130 14
20.170 13
20.220 14
20.280 15
20.420 14
20.450 13
20.490 14
20.500 15
22.010 14
24.260 15
29.860 14
32.625 15
40.815 14
42.510 15
42.815 11
42.840 12
42.890 13
42.940 14
42.990 15
44.935 14
44.980 13
45.105 14
45.310 15
45.610 13
45.615 11
45.655 12
45.725 13
45.800 14
45.870 15
45.910 11
45.925 12
45.950 13
45.970 14
45.995 15
46.015 11
46.030 12
46.050 13
46.075 14
46.095 15
46.115 11
46.180 12
46.300 13
46.425 14
46.545 15
46.615 11
46.640 12
46.690 13
46.735 14
46.785 15
48.165 14
48.515 6
48.555 7
48.630 8
48.705 9
48.780 10
48.850 11
48.925 12
49.000 13
49.075 14
49.260 15
50.210 14
50.910 15
51.260 14
51.735 14
52.185 15
52.605 14
52.995 13
53.770 14
54.340 13
54.410 12
54.475 11
54.585 12
54.735 13
54.885 14
55.035 15
55.115 13
55.145 14
55.185 15
55.210 13
55.235 14
55.285 15
56.110 13
56.185 14
56.335 15
56.410 14
56.415 13
56.560 14
57.005 15
60.035 14
60.085 13
60.205 14
60.405 15
60.535 14
60.580 13
60.755 14
61.610 15
62.815 13
62.840 14
62.890 15
62.915 13
62.945 14
62.995 15
66.860 14
67.260 15
74.705 14
77.155 15
77.330 14
77.510 15
77.515 14
79.005 15
84.760 14
84.855 15
85.560 14
86.410 15
89.210 15
89.960 14
90.610 15
92.275 14
93.510 15
93.515 14
102.005 15
105.360 14
105.555 15
123.820 14
124.105 15
124.125 14
125.450 15
126.355 15
130.710 14
131.160 15
148.560 14
149.160 15
154.210 14
155.810 15
163.735 14
165.245 15
168.605 14
170.205 15
175.015 14
