0 15
6.580 14
6.910 13
7.430 14
7.615 15
8.710 14
9.310 15
13.750 14
13.820 13
14.100 14
14.110 15
23.780 14
27.595 15
27.615 14
28.535 15
36.535 14
42.310 15
46.205 14
47.405 15
49.860 14
50.960 15
67.925 14
69.435 15
79.190 14
81.300 15
95.840 14
99.405 15
99.425 14
99.810 15
104.620 14
104.995 15
105.020 14
105.890 15
105.910 14
106.850 15
108.010 14
108.560 15
120.830 14
124.150 15
128.410 14
128.905 15
133.715 8
133.730 9
133.760 10
133.785 11
133.810 12
133.840 13
133.865 14
133.895 15
134.145 14
134.220 13
134.290 12
134.365 11
134.465 12
134.595 13
134.720 14
134.850 15
136.005 10
136.010 11
136.015 13
136.020 14
140.610 15
146.215 14
146.310 15
146.320 14
148.650 15
151.010 13
151.015 10
151.065 11
151.165 12
151.260 13
151.360 14
151.460 15
153.805 15
157.835 14
157.895 13
157.955 12
158.015 11
158.075 10
158.685 11
159.845 12
161.005 13
162.165 14
163.325 15
164.015 10
164.035 11
164.075 12
164.110 13
164.150 14
164.190 15
164.215 10
164.255 11
164.335 12
164.415 13
164.490 14
164.570 15
