0 15
6.700 14
6.715 15
7.250 14
7.890 13
9.295 14
9.305 15
9.505 14
9.520 15
20.800 14
20.815 15
21.600 14
21.615 15
34.900 14
34.915 15
77.400 14
78.290 15
78.315 14
78.890 15
78.915 14
79.010 15
81.160 14
81.860 15
88.600 14
88.615 15
104.610 14
107.100 15
108.360 14
109.115 15
118.305 9
118.310 11
118.315 13
118.320 15
119.015 14
119.805 10
119.810 11
119.815 13
119.820 14
120.390 15
124.605 14
124.615 15
127.015 14
127.705 13
127.715 14
128.610 15
130.805 14
130.810 13
130.860 14
131.005 15
133.205 14
133.215 15
138.270 14
141.310 15
143.205 14
143.355 15
144.260 14
144.450 15
145.500 14
145.510 15
147.400 14
147.415 15
147.700 14
147.715 15
148.300 14
148.315 15
161.800 14
161.815 15
172.405 14
172.420 15
175.245 14
