0 15
5.890 14
6.060 13
6.205 14
6.210 15
7.030 14
7.070 13
7.095 14
7.105 15
7.130 14
7.160 13
7.300 14
7.310 15
7.325 14
7.350 13
7.500 14
7.510 15
13.125 14
13.155 13
13.200 14
13.205 15
18.005 14
18.400 15
18.420 14
19.300 15
19.325 14
19.500 15
27.510 14
27.760 15
31.005 14
31.260 15
34.360 14
34.460 15
37.115 14
37.795 15
37.820 14
38.400 15
38.420 14
39.000 15
47.865 14
48.205 15
49.110 14
49.405 15
52.515 14
54.005 15
70.810 11
70.825 12
70.850 13
70.870 14
70.895 15
72.560 14
73.060 15
77.160 14
77.355 15
78.660 14
79.505 15
81.060 14
82.105 15
82.510 13
82.535 14
82.585 15
83.015 13
83.090 14
83.240 15
97.510 14
99.655 15
110.615 13
110.640 14
110.685 15
114.460 14
115.010 15
132.015 14
132.705 15
132.720 14
133.510 15
140.410 13
140.415 11
140.490 12
140.635 13
140.785 14
140.930 15
141.010 14
142.605 15
148.510 14
149.300 15
149.325 14
149.900 15
149.925 14
150.945 15
160.060 14
160.410 15
161.005 14
161.360 15
171.020 14
171.295 15
171.320 14
171.395 15
171.420 14
171.595 15
171.620 14
171.695 15
171.720 14
171.895 15
171.920 14
172.000 15
172.020 14
172.195 15
172.220 14
172.295 15
172.320 14
174.010 15
