0 15
2.710 14
3.310 15
3.510 14
3.705 13
3.855 14
4.230 14
4.280 15
4.335 14
4.375 13
4.505 15
4.560 14
4.800 15
4.810 14
5.000 15
5.020 14
5.205 15
5.220 14
5.495 15
5.520 14
5.705 15
5.720 14
6.105 10
6.110 6
6.115 10
6.120 14
6.210 15
7.405 14
7.410 13
7.415 14
7.425 15
9.600 14
9.610 15
9.895 14
9.915 15
10.940 14
11.015 13
11.195 14
11.205 15
11.275 14
11.415 13
11.505 15
11.515 14
11.530 13
11.690 14
11.700 15
11.725 14
11.765 13
11.950 14
12.255 15
13.125 14
13.150 13
13.430 14
13.480 15
13.510 14
13.515 13
13.800 14
13.805 15
13.820 14
13.840 13
14.010 15
14.030 14
14.070 13
14.100 14
14.700 15
31.015 13
31.240 14
31.685 15
31.960 14
32.060 15
32.560 14
34.310 15
34.315 14
35.920 15
40.360 14
40.510 15
40.805 13
40.810 14
40.820 15
53.905 14
55.355 15
56.805 14
57.260 15
57.965 14
58.700 15
58.725 14
60.735 15
62.265 14
62.710 15
63.160 14
63.705 15
77.410 14
78.105 15
80.195 15
132.405 14
132.420 15
139.805 14
139.900 15
139.925 14
140.300 15
140.325 14
140.600 15
140.625 14
141.405 15
