0 15
30.900 14
30.915 15
58.500 14
58.515 15
74.460 14
74.960 15
76.715 14
76.900 15
76.925 14
77.000 15
77.025 14
77.200 15
77.225 14
77.600 15
77.625 14
77.800 15
77.825 14
77.900 15
77.925 14
78.100 15
78.125 14
78.200 15
84.205 14
84.220 15
89.960 14
90.110 15
110.255 14
110.455 15
111.160 14
111.215 15
134.710 13
134.735 14
134.785 15
139.300 14
139.315 15
144.600 14
144.615 15
149.260 14
149.405 15
149.660 14
149.855 15
151.960 14
152.355 15
152.805 15
174.800 14
174.815 15
175.800 14
175.815 15
177.900 14
177.915 15
