0 15
7.085 14
8.945 15
16.315 13
16.340 14
16.390 15
16.415 13
16.440 14
16.485 15
16.510 13
17.390 14
18.065 15
26.205 11
26.210 12
26.215 14
26.220 15
28.910 13
28.960 14
29.060 15
33.415 14
34.820 13
34.845 12
34.870 11
34.895 10
35.000 11
35.180 12
35.360 13
35.540 14
35.720 15
44.460 14
47.610 15
48.565 14
48.805 15
48.825 14
50.260 15
52.005 14
54.300 15
65.705 14
66.860 15
67.945 15
68.615 11
68.715 12
68.915 13
69.115 14
69.315 15
79.500 12
79.505 8
79.510 10
79.515 13
79.520 15
88.640 14
97.305 15
97.815 14
99.100 15
99.125 14
99.850 15
115.230 14
117.750 15
119.260 14
120.510 15
132.905 11
132.910 12
132.915 14
132.920 15
146.410 14
146.860 15
153.025 14
160.415 10
160.455 11
160.535 12
160.615 13
160.690 14
160.770 15
161.720 15
169.455 14
172.000 15
172.210 14
172.215 13
172.415 14
172.815 15
179.815 14
