0 15
1.080 14
1.210 13
1.295 14
1.305 15
1.320 14
1.335 13
1.405 14
1.410 15
1.420 14
1.430 13
1.545 14
1.655 15
2.030 13
2.500 14
2.510 15
2.520 14
2.540 13
2.595 14
2.605 15
2.630 14
2.660 13
2.770 14
2.930 15
12.005 14
12.105 15
12.125 14
12.200 15
12.225 14
12.700 15
12.725 14
12.800 15
13.420 14
15.005 15
26.860 14
27.850 15
28.220 14
28.300 15
28.320 14
28.395 15
28.420 14
28.495 15
30.560 14
31.005 15
35.615 14
36.160 15
41.460 14
41.610 15
51.010 14
52.010 15
52.930 14
52.970 13
52.995 14
53.005 15
53.030 14
53.070 13
53.195 14
53.205 15
53.215 14
53.225 13
53.295 14
53.305 15
53.325 14
53.355 13
53.390 14
53.400 15
56.695 14
56.710 15
90.335 14
92.395 15
92.420 14
92.605 15
92.620 14
93.000 15
94.760 14
94.855 15
