0 15
6.205 14
6.710 15
7.055 13
7.190 14
7.200 15
7.240 14
7.305 13
7.495 14
7.505 15
16.005 14
16.015 15
19.555 14
23.250 15
25.355 15
26.160 15
27.010 14
27.295 15
27.320 14
27.895 15
38.200 14
38.215 15
40.650 14
42.510 15
45.365 14
45.560 15
46.310 15
52.705 14
52.720 15
54.185 14
55.560 15
59.910 14
60.310 15
61.510 15
61.610 13
62.010 14
62.455 15
63.610 13
63.735 14
63.985 15
64.115 13
64.190 14
64.335 15
69.645 14
72.660 15
77.560 14
79.260 15
103.850 14
105.455 15
106.910 14
108.910 15
109.260 14
109.360 15
120.090 14
120.115 15
130.805 13
130.810 11
130.960 12
131.260 13
131.560 14
131.860 15
136.415 14
137.625 15
144.055 14
144.405 15
166.910 14
166.915 13
167.115 14
167.510 15
169.600 14
169.615 15
