0 13
0.040 14
0.085 15
0.110 13
0.160 14
0.260 15
1.000 14
1.185 13
1.300 14
1.305 15
1.320 14
1.330 13
1.395 14
1.405 15
1.415 14
1.430 13
1.495 14
1.505 15
7.025 14
7.065 13
7.190 14
7.200 15
7.215 14
7.225 13
7.290 14
7.300 15
7.315 14
7.335 13
7.395 14
7.405 15
7.425 14
7.445 13
7.490 14
7.500 15
42.060 14
42.160 15
43.965 14
44.110 15
62.855 14
64.410 15
71.860 14
71.960 15
73.360 14
73.610 15
77.780 14
77.930 13
78.055 14
78.605 15
83.360 14
83.805 15
84.425 14
84.450 13
84.470 12
84.495 11
84.520 12
84.545 13
84.565 14
84.590 15
85.860 14
85.960 15
86.760 14
86.860 15
89.060 14
89.555 15
93.035 14
93.085 13
93.155 14
93.255 15
96.610 14
98.410 15
99.060 14
99.155 15
99.660 14
99.755 15
109.860 14
110.305 15
112.535 14
112.585 13
112.635 14
112.685 15
117.615 14
117.635 13
117.650 12
117.665 11
117.685 10
117.700 9
117.715 10
117.735 11
117.755 12
117.775 13
117.795 14
118.360 15
118.535 14
118.585 13
118.635 14
118.685 15
118.935 14
118.985 13
119.085 14
119.235 15
120.360 14
120.460 13
120.555 14
120.655 15
121.835 14
121.885 13
121.930 14
121.980 15
122.060 14
122.155 15
123.515 6
123.520 7
123.530 8
123.540 9
123.550 10
123.560 11
123.570 12
123.580 13
123.590 14
123.600 15
124.115 9
124.130 10
124.140 11
124.155 12
124.170 13
124.180 14
124.195 15
125.110 9
125.145 10
125.210 11
125.280 12
125.345 13
125.410 14
125.480 15
127.035 14
127.085 13
127.135 14
127.185 15
133.335 14
133.385 13
133.480 14
133.630 15
136.010 9
136.015 2
136.045 3
136.100 4
136.150 5
136.205 6
136.260 7
136.310 8
136.365 9
136.420 10
136.470 11
136.525 12
136.580 13
136.630 14
136.685 15
137.660 14
137.810 15
143.860 14
143.955 15
149.620 14
149.640 13
149.660 12
149.675 11
149.695 10
149.740 11
149.815 12
149.890 13
149.965 14
150.555 15
153.560 14
153.755 15
155.360 14
155.520 13
155.545 12
155.570 11
155.595 10
155.630 11
155.670 12
155.710 13
155.750 14
155.790 15
156.010 8
156.020 9
156.035 10
156.045 11
156.060 12
156.075 13
156.085 14
156.100 15
157.415 8
157.425 9
157.435 10
157.450 11
157.460 12
157.475 13
157.490 14
157.500 15
159.910 8
159.920 9
159.935 10
159.945 11
159.960 12
159.975 13
159.985 14
160.000 15
161.110 8
161.140 9
161.200 10
161.255 11
161.310 12
161.370 13
161.425 14
161.485 15
162.805 14
163.060 15
165.105 14
165.560 15
166.435 14
166.480 13
166.555 14
166.660 15
167.435 14
167.485 13
167.530 14
167.580 15
168.110 14
168.505 15
169.760 14
169.910 15
171.260 14
173.260 15
174.210 14
174.605 15
177.835 14
177.880 13
177.955 14
178.160 15
