0 15
1.875 14
2.010 13
2.100 15
2.115 14
2.135 13
2.715 14
2.775 15
6.040 14
6.105 13
6.200 14
6.205 15
10.900 14
11.155 15
33.000 14
33.015 15
35.005 14
35.995 15
36.020 14
37.410 15
50.300 14
50.655 15
50.960 14
51.555 14
52.055 15
52.615 13
53.415 14
53.635 15
57.910 13
57.985 14
58.135 15
59.560 14
59.960 15
60.415 13
60.490 14
60.635 15
71.860 14
72.560 15
82.315 14
83.900 15
83.925 14
84.610 15
103.200 14
103.210 15
104.810 14
105.205 15
112.160 14
113.060 15
113.110 14
114.605 15
154.515 14
156.115 15
