0 15
2.410 11
2.425 12
2.450 13
2.470 14
2.495 15
3.730 14
3.770 13
4.005 15
4.020 14
4.050 13
4.740 14
5.320 15
5.660 14
5.960 15
11.710 14
14.305 15
16.005 14
16.200 13
16.395 12
16.590 11
16.695 12
16.700 13
16.705 14
16.710 15
16.715 14
16.720 13
16.725 12
16.730 11
16.795 12
16.800 14
16.805 15
16.815 14
16.825 13
16.835 12
16.845 11
16.900 13
16.905 15
16.915 11
17.000 13
17.005 15
17.020 14
17.030 13
17.040 12
17.050 11
17.200 13
17.205 15
17.215 14
17.225 13
17.240 12
17.250 11
17.360 12
17.490 13
17.620 14
17.750 15
26.520 14
26.795 15
26.820 14
27.595 15
27.625 14
28.000 15
29.505 14
31.305 15
38.260 14
38.355 13
38.430 14
38.480 15
38.765 14
43.210 15
49.760 14
50.905 15
51.310 14
51.805 15
65.345 14
67.505 13
67.515 14
67.950 15
77.610 14
78.060 15
78.460 14
80.010 15
87.460 14
88.255 15
88.350 14
88.425 13
88.495 12
88.570 11
88.645 12
88.720 13
88.800 14
88.875 15
92.210 10
92.350 11
92.630 12
92.910 13
93.190 14
93.470 15
94.860 14
95.055 15
114.265 14
115.800 15
120.560 14
121.960 15
125.135 14
125.185 13
125.280 14
125.430 15
135.815 13
135.865 14
135.965 15
140.155 14
140.605 15
149.410 14
149.810 15
157.010 14
157.255 15
177.465 14
