0 6
0.055 7
0.145 8
0.235 9
0.325 10
0.410 11
0.500 12
0.590 13
0.680 14
0.770 15
0.915 14
1.310 15
5.710 13
5.735 14
5.785 15
5.960 14
6.055 13
6.110 15
6.125 14
6.150 13
6.175 14
6.200 15
7.415 7
7.425 8
7.440 9
7.455 10
7.465 11
7.480 12
7.495 13
7.555 14
7.655 15
7.910 14
8.110 15
17.225 14
18.950 15
19.660 14
19.760 15
24.010 11
24.035 12
24.085 13
24.135 14
24.185 15
24.410 11
24.425 12
24.450 13
24.470 14
24.495 15
24.710 11
24.760 12
24.855 13
24.950 14
25.045 15
45.415 14
47.010 15
61.305 14
61.795 15
61.820 14
61.895 15
61.920 14
62.195 15
62.220 14
62.395 15
62.420 14
62.495 15
62.520 14
62.695 15
62.720 14
62.795 15
62.820 14
63.000 15
67.810 14
67.895 15
67.920 14
68.195 15
68.220 14
68.395 15
68.420 14
68.495 15
68.510 14
68.695 15
68.720 14
68.795 15
68.820 14
68.995 15
69.020 14
69.095 15
69.120 14
69.295 15
69.320 14
69.395 15
77.200 14
77.215 15
91.020 14
91.050 13
91.190 14
91.200 15
108.140 14
109.400 15
109.660 14
109.855 15
110.950 14
111.695 15
111.720 14
111.895 15
111.920 14
111.995 15
112.020 14
112.195 15
112.220 14
112.495 15
112.520 14
112.650 15
118.710 13
118.735 14
118.785 15
129.185 14
129.335 13
129.480 14
129.630 15
129.920 14
129.945 13
129.970 12
129.995 11
130.045 12
130.120 13
130.195 14
130.270 15
131.160 14
131.260 15
131.515 9
131.525 10
131.540 11
131.555 12
131.570 13
131.585 14
131.600 15
132.010 13
132.060 14
132.160 15
132.215 13
132.240 14
132.285 15
132.515 13
132.540 14
132.580 15
132.610 13
132.645 14
132.690 15
135.010 8
135.025 9
135.055 10
135.080 11
135.110 12
135.140 13
135.165 14
135.195 15
135.310 8
135.385 9
135.525 10
135.670 11
135.810 12
135.955 13
136.100 14
136.240 15
136.460 14
136.560 13
136.835 14
137.285 15
138.255 15
138.380 14
138.530 13
138.780 14
139.130 15
139.505 14
139.905 13
140.205 14
140.405 15
140.535 14
140.585 13
140.705 14
141.110 15
141.415 13
141.515 14
141.715 15
142.115 13
142.140 14
142.180 15
142.205 14
142.210 13
142.235 14
142.285 15
144.110 14
145.960 15
146.110 13
146.160 14
146.260 15
147.910 10
147.920 11
147.940 12
147.960 13
147.980 14
148.000 15
151.110 14
151.210 11
151.250 12
151.325 13
151.395 14
151.470 15
151.910 15
153.410 9
153.420 10
153.435 11
153.450 12
153.470 13
153.485 14
153.500 15
155.235 14
156.595 15
156.620 14
156.795 15
156.820 14
156.895 15
156.920 14
156.995 15
157.020 14
157.095 15
157.120 14
157.195 15
157.220 14
157.400 15
158.300 14
158.320 15
162.205 14
162.360 15
162.560 14
162.655 15
173.810 14
174.060 15
175.860 14
176.205 15
177.060 14
177.155 15
177.360 14
177.505 15
