0 15
12.015 14
12.595 15
12.620 14
14.330 15
17.100 14
17.115 15
28.505 14
29.695 15
29.720 14
29.995 15
30.110 14
31.260 15
60.115 14
62.300 15
62.325 14
64.460 15
73.515 14
75.305 15
94.545 14
94.650 13
95.070 14
95.230 15
95.410 14
97.105 15
98.410 11
98.460 12
98.560 13
98.660 14
100.195 15
100.220 14
100.700 15
102.405 14
102.425 15
106.470 14
106.655 15
107.555 14
107.755 15
120.410 14
120.610 15
130.510 14
132.005 15
142.600 14
142.960 15
155.460 14
155.955 15
157.010 14
157.260 15
168.300 14
168.315 15
174.005 14
174.855 15
179.460 14
