0 15
5.460 14
5.905 15
6.120 14
6.130 13
7.010 14
8.610 15
18.900 14
18.995 15
19.020 14
19.195 15
19.220 14
19.295 15
19.320 14
19.495 15
19.520 14
19.795 15
19.820 14
20.745 15
21.060 14
21.610 15
22.750 14
22.825 13
23.030 14
23.080 15
23.110 13
23.135 14
23.185 15
23.210 13
23.290 14
23.450 15
36.765 14
37.010 15
43.200 14
43.215 15
52.105 14
53.415 15
66.505 14
66.525 15
67.405 14
67.420 15
71.020 14
76.135 15
85.215 14
85.700 15
85.725 14
86.000 15
86.015 14
86.200 15
86.225 14
86.300 15
86.325 14
86.800 15
86.825 14
87.400 15
87.425 14
87.500 15
87.525 14
88.650 15
89.165 14
90.310 15
97.210 14
97.315 13
97.340 14
97.385 15
101.700 14
101.715 15
101.810 8
101.815 10
101.820 13
101.825 15
102.300 14
102.315 15
104.160 14
104.260 15
107.800 14
107.815 15
120.895 14
120.915 15
124.800 14
124.815 15
126.000 14
126.015 15
127.200 14
127.215 15
138.470 14
139.200 15
139.225 14
139.500 15
139.520 14
139.595 15
139.620 14
139.800 15
142.905 14
143.600 15
143.625 14
143.800 15
143.825 14
143.900 15
143.925 14
144.400 15
144.415 14
144.500 15
144.525 14
144.810 15
144.910 13
144.935 14
144.985 15
145.410 14
145.855 15
147.410 14
149.215 15
151.335 14
151.385 13
151.710 14
152.320 15
162.500 14
162.520 15
162.905 14
162.920 15
164.160 14
164.410 15
165.610 14
166.860 15
167.115 14
168.500 15
170.910 14
171.705 15
172.710 14
174.355 15
