0 14
1.075 15
2.760 14
2.855 15
6.960 14
7.105 15
9.460 14
11.660 13
11.775 14
11.925 15
13.260 14
13.555 15
14.760 14
14.855 15
15.460 14
15.555 15
15.705 14
15.905 15
16.960 14
17.705 15
17.955 15
22.820 14
22.845 13
23.100 15
23.125 14
23.175 13
23.200 14
23.205 15
23.425 14
23.475 13
23.500 14
23.510 15
28.510 14
28.700 15
28.725 14
29.000 15
29.025 14
29.300 15
29.325 14
31.505 15
34.500 14
34.595 15
34.620 14
34.795 15
34.820 14
35.900 15
35.925 14
36.200 15
69.595 14
69.610 15
75.255 14
75.355 15
94.720 14
94.740 13
95.025 14
95.075 15
96.355 14
96.460 15
100.260 14
100.555 15
100.910 14
101.305 15
101.760 14
102.055 15
117.630 14
118.505 15
