0 8
0.455 9
1.340 10
2.225 11
3.115 12
4.000 13
4.885 14
5.770 15
6.495 14
7.060 13
7.610 14
8.140 15
8.580 14
8.920 13
9.325 14
9.380 15
9.415 13
9.515 14
9.710 15
9.950 14
10.030 13
10.110 15
10.120 14
10.130 13
10.400 14
10.410 15
10.420 14
10.440 13
10.505 14
11.695 15
11.720 14
11.900 15
11.920 14
12.245 15
14.015 10
14.105 11
14.285 12
14.465 13
14.645 14
14.825 15
43.230 14
48.680 13
52.455 14
53.755 15
80.385 14
86.915 15
97.540 14
102.250 15
107.040 14
117.455 15
122.445 14
126.255 15
141.155 14
142.195 15
142.210 14
145.295 15
172.480 14
174.695 15
