0 15
9.735 14
10.630 13
11.100 14
11.105 15
11.110 13
11.495 14
11.525 13
11.805 15
11.835 14
11.885 13
12.075 14
12.410 15
32.940 14
34.805 15
34.820 14
36.485 15
55.560 14
61.310 15
78.525 14
80.640 15
83.995 14
86.505 15
87.610 6
87.675 7
87.805 8
87.935 9
88.065 10
88.195 11
88.325 12
88.455 13
88.585 14
92.360 15
98.910 14
100.045 15
100.205 13
100.210 10
100.310 11
100.510 12
100.710 13
100.910 14
101.110 15
110.835 14
114.470 15
173.215 8
173.430 9
173.860 10
174.285 11
174.715 12
175.140 13
175.565 14
175.995 15
