0 15
1.545 14
1.805 13
2.005 15
2.025 14
2.045 13
3.135 14
4.005 15
7.305 14
8.910 15
17.700 14
18.205 15
21.115 14
25.005 15
32.900 14
32.920 15
34.860 14
35.055 15
39.155 14
39.455 15
39.755 14
40.005 15
40.155 14
40.350 15
42.210 14
43.805 15
48.900 14
48.915 15
49.000 14
49.015 15
49.400 14
49.415 15
50.000 14
50.015 15
53.400 14
53.415 15
53.600 14
53.615 15
54.200 14
54.215 15
54.500 14
54.515 15
54.700 14
54.715 15
59.600 14
59.615 15
60.100 14
60.115 15
60.200 14
60.215 15
60.600 14
60.615 15
68.105 14
68.705 15
73.055 15
79.010 14
80.060 15
89.710 14
91.210 15
94.105 14
94.120 15
100.805 6
100.810 9
100.815 12
100.820 15
106.810 14
108.495 15
108.520 14
109.195 15
109.220 14
109.595 15
109.620 14
109.695 15
109.720 14
109.895 15
109.920 14
111.200 15
111.225 14
111.400 15
111.560 14
111.655 15
111.810 14
112.355 15
113.910 14
114.395 15
114.420 14
115.905 15
117.160 14
117.260 15
122.005 14
122.555 15
125.260 14
126.010 15
126.755 14
127.155 15
128.160 14
129.955 15
131.760 14
131.855 15
161.805 14
161.820 15
161.905 14
161.920 15
