0 14
0.395 15
0.420 14
0.890 15
0.915 14
1.490 15
1.515 14
2.605 15
6.215 14
7.195 15
7.220 14
7.295 15
7.320 14
8.225 15
12.160 14
12.935 15
30.935 14
30.985 13
31.035 14
31.085 15
32.160 14
32.260 15
32.655 14
32.755 15
33.960 14
34.155 15
35.380 14
36.405 15
36.560 14
36.610 13
36.810 14
37.060 15
37.115 13
37.160 14
37.310 15
41.510 14
41.860 15
42.805 14
42.955 15
52.935 14
52.985 13
53.035 14
53.085 15
53.115 14
53.140 13
53.190 14
53.200 15
53.330 14
53.370 13
53.395 14
53.405 15
55.645 14
58.215 15
69.505 14
69.655 15
70.765 14
72.070 15
73.860 14
73.960 15
88.605 10
88.610 12
88.615 13
88.620 15
91.835 14
91.885 13
91.930 14
91.980 15
103.010 14
104.300 15
104.325 14
104.750 15
104.915 7
104.925 8
104.935 9
104.945 10
104.955 11
104.965 12
104.975 13
104.985 14
104.995 15
105.210 14
105.855 15
116.015 11
116.040 12
116.090 13
116.140 14
116.190 15
116.560 15
117.310 11
117.325 12
117.355 13
117.380 14
117.410 15
122.360 14
122.455 15
123.460 14
123.555 15
124.115 13
124.165 14
124.260 15
139.410 14
139.810 15
143.305 14
143.455 15
148.660 14
148.760 15
149.910 14
150.055 15
151.110 14
151.360 15
155.310 14
155.605 15
155.825 14
155.900 15
155.925 14
156.200 15
156.225 14
156.400 15
156.425 14
156.500 15
156.525 14
156.800 15
156.825 14
157.100 15
157.125 14
157.295 15
157.320 14
157.395 15
168.810 14
169.105 15
