0 15
1.630 14
1.880 13
2.910 14
3.350 15
23.215 11
23.310 12
23.495 13
23.675 14
23.860 15
24.665 14
26.740 15
51.010 13
51.015 11
51.030 12
51.050 13
51.075 14
51.095 15
51.110 13
51.115 11
51.140 12
51.190 13
51.235 14
51.285 15
51.310 11
51.405 12
51.590 13
51.780 14
55.015 15
65.490 14
68.635 15
72.950 14
76.855 15
77.490 14
86.780 15
93.310 14
93.320 13
93.465 14
93.585 15
94.625 14
98.220 15
115.100 14
117.945 15
128.505 14
128.520 15
132.105 11
132.265 12
132.585 13
132.900 14
133.220 15
162.035 14
163.670 15
167.055 15
