0 15
40.805 14
40.815 15
53.005 14
53.020 15
56.205 14
56.220 15
75.105 14
75.120 15
96.900 14
96.915 15
99.300 14
99.315 15
105.300 14
105.315 15
112.705 14
113.005 15
113.560 14
113.955 15
124.760 14
127.010 15
130.815 14
131.955 15
132.805 14
133.055 15
134.655 14
134.755 15
144.600 14
144.995 15
145.020 14
145.195 15
145.220 14
145.295 15
145.320 14
145.495 15
145.520 14
145.595 15
145.620 14
148.085 15
149.905 14
149.920 15
150.805 14
150.820 15
155.815 14
157.635 15
163.000 14
163.015 15
164.000 14
164.015 15
165.000 14
165.015 15
175.020 14
175.195 15
175.220 14
176.010 15
