0 13
0.110 14
0.655 15
1.225 14
1.260 13
1.440 14
1.550 15
4.600 14
4.615 15
5.200 14
5.215 15
12.300 14
12.315 15
21.595 14
21.610 15
22.205 14
22.555 15
22.660 14
23.105 15
23.700 14
23.715 15
24.900 14
24.910 15
33.260 14
33.455 15
37.915 14
38.895 15
54.205 14
55.015 15
57.200 14
57.215 15
57.500 14
57.515 15
58.260 14
59.255 15
64.795 14
64.810 15
87.545 14
88.705 15
90.275 14
90.805 13
91.370 14
91.730 15
93.020 14
93.230 13
94.200 14
95.300 15
95.325 14
95.800 15
95.825 14
96.600 15
99.825 14
100.000 15
100.025 14
100.600 15
100.625 14
101.200 15
101.225 14
101.300 15
101.325 14
101.400 15
108.700 14
108.715 15
113.500 14
113.515 15
115.600 14
115.615 15
117.210 14
117.215 13
117.240 14
117.280 15
121.900 14
121.915 15
122.400 14
122.415 15
124.200 14
124.215 15
124.900 14
124.915 15
127.000 14
127.015 15
142.800 14
142.815 15
144.300 14
144.315 15
160.905 14
160.920 15
177.405 13
177.410 14
177.420 15
