0 15
22.855 14
25.550 15
54.010 14
56.450 15
57.960 14
58.060 15
58.460 14
58.560 15
59.160 14
59.260 15
59.905 14
60.015 15
63.105 14
63.120 15
73.110 14
73.555 15
74.910 14
75.010 15
80.210 14
81.805 15
82.210 14
82.605 15
83.710 8
83.720 9
83.735 10
83.745 11
83.760 12
83.775 13
83.785 14
83.800 15
84.555 15
84.810 13
84.815 11
84.830 12
84.850 13
84.875 14
84.895 15
85.010 11
85.075 12
85.195 13
85.320 14
85.440 15
90.955 14
91.055 13
91.105 14
91.110 15
91.120 14
91.135 13
91.155 14
91.185 15
92.810 14
93.305 15
103.160 14
103.560 15
104.060 15
104.210 14
104.460 15
106.645 14
109.010 15
109.665 14
109.905 15
111.005 13
111.010 11
111.050 12
111.120 13
111.195 14
111.265 15
120.405 13
120.410 14
120.420 15
121.660 14
121.855 15
128.110 7
128.125 8
128.155 9
128.180 10
128.210 11
128.240 12
128.265 13
128.295 14
128.360 15
128.810 13
128.815 11
128.855 12
128.925 13
129.000 14
129.070 15
129.215 11
129.240 12
129.290 13
129.335 14
129.385 15
130.010 11
130.025 12
130.050 13
130.070 14
130.095 15
132.015 14
134.000 15
134.025 14
134.300 15
134.325 14
134.600 15
134.625 14
134.900 15
134.925 14
135.200 15
140.110 13
140.115 11
140.130 12
140.150 13
140.175 14
140.195 15
141.005 13
141.010 11
141.075 12
141.200 13
141.320 14
141.445 15
142.600 15
142.620 14
142.800 15
142.820 14
142.905 15
142.920 14
143.000 15
143.020 14
143.095 15
143.115 14
143.195 15
152.360 14
152.510 15
152.815 14
154.405 15
164.985 14
167.155 15
168.555 15
