0 15
1.245 14
1.320 13
1.525 14
1.580 15
26.695 14
26.710 15
47.300 14
49.605 15
78.000 14
78.015 15
82.800 14
82.815 15
86.610 14
86.760 15
96.005 14
96.200 15
96.220 14
96.400 15
96.425 14
97.005 15
97.025 14
97.100 15
97.125 14
97.400 15
97.425 14
97.500 15
98.300 14
98.325 15
100.610 14
100.810 15
105.650 14
105.800 15
105.820 14
107.790 15
109.110 14
109.130 15
111.210 13
111.215 14
111.225 15
122.260 14
122.905 15
125.245 14
127.405 15
129.860 14
130.460 15
132.210 14
133.900 15
135.635 14
135.685 13
135.830 14
136.080 15
147.260 14
148.280 15
151.610 14
151.615 13
151.965 14
152.660 15
157.805 13
157.905 14
158.105 15
160.665 14
162.200 15
162.225 14
165.705 15
169.115 13
169.140 14
169.185 15
170.410 13
170.435 14
170.485 15
170.565 14
172.535 15
173.505 15
174.110 11
174.170 12
174.270 13
174.365 14
174.465 15
174.860 15
176.760 14
177.155 15
