0 15
1.610 14
1.760 15
6.460 14
6.560 15
16.960 14
17.055 15
18.260 14
18.410 15
20.765 14
21.010 15
23.960 14
25.160 15
26.160 14
26.260 15
27.010 14
27.255 15
27.660 14
27.805 15
34.960 14
35.355 15
41.810 14
42.055 15
42.760 14
42.910 15
45.860 14
46.305 15
51.460 14
51.560 15
52.860 14
53.010 15
53.660 14
53.805 15
58.065 14
58.210 15
59.165 14
60.160 15
60.910 14
61.060 15
61.260 14
61.760 15
62.235 14
62.285 13
62.360 14
62.460 15
65.860 14
66.405 15
69.060 14
69.405 15
69.960 14
70.260 15
70.960 14
71.305 15
81.315 14
83.155 15
84.060 14
84.160 13
84.360 14
84.660 15
86.015 8
86.025 9
86.035 10
86.050 11
86.060 12
86.075 13
86.090 14
86.100 15
86.610 14
86.755 15
86.960 14
87.160 15
87.215 10
87.225 11
87.245 12
87.260 13
87.280 14
87.300 15
88.115 13
88.140 14
88.185 15
90.610 14
90.760 15
94.065 14
97.055 15
97.860 14
98.010 15
98.260 14
98.410 15
98.560 14
98.655 15
103.460 14
104.705 15
107.755 14
107.855 15
108.215 8
108.225 9
108.235 10
108.250 11
108.260 12
108.275 13
108.290 14
108.300 15
108.825 14
108.995 15
109.020 14
109.100 15
109.120 14
109.300 15
109.325 14
109.595 15
109.620 14
109.695 15
109.720 14
109.895 15
109.920 14
110.960 15
119.810 14
120.610 15
124.860 14
125.155 15
127.220 14
127.250 13
127.275 14
127.295 15
134.215 14
135.310 15
136.055 15
136.460 15
137.010 14
137.155 15
138.810 14
139.355 15
141.460 14
141.755 15
169.200 14
169.215 15
176.860 14
177.105 15
