0 15
4.620 14
5.655 13
6.195 14
6.205 15
6.220 14
6.800 15
6.820 14
8.335 15
10.315 10
10.335 11
10.375 12
10.410 13
10.445 14
10.485 15
10.615 10
10.635 11
10.675 12
10.710 13
10.750 14
10.790 15
11.010 14
11.260 13
11.435 14
11.685 15
11.815 8
11.875 9
11.990 10
12.105 11
12.225 12
12.340 13
12.455 14
13.455 15
15.715 14
15.900 15
15.915 14
15.995 15
16.015 14
16.100 15
16.120 14
16.195 15
16.220 14
16.295 15
16.320 14
17.095 15
17.115 14
17.355 15
18.310 13
18.315 11
18.615 12
19.215 13
19.810 14
20.410 15
20.960 15
21.260 14
21.405 15
21.660 14
22.510 15
31.660 14
31.760 15
36.560 14
36.660 13
36.810 14
37.010 15
37.210 14
37.660 15
46.355 14
50.460 15
58.010 9
58.020 10
58.035 11
58.050 12
58.070 13
58.085 14
58.100 15
59.760 14
59.910 15
60.710 14
61.255 15
61.860 15
69.365 14
70.405 15
71.310 14
71.455 15
71.760 14
72.555 15
78.710 14
78.860 15
79.965 14
80.460 15
88.340 14
90.200 15
92.660 14
94.010 15
95.660 15
104.405 14
106.060 15
118.060 14
118.360 15
119.960 14
121.660 15
143.020 14
143.095 15
143.120 14
143.195 15
143.220 14
143.670 15
144.120 14
145.600 15
145.620 14
145.895 15
145.920 14
146.095 15
146.120 14
146.195 15
154.615 14
155.195 15
155.215 14
155.805 15
162.215 14
162.800 15
162.825 14
163.925 15
