0 11
0.220 12
0.620 13
1.020 14
1.420 15
3.215 14
6.095 15
8.210 14
8.960 15
9.170 14
9.400 15
9.435 14
9.500 15
9.525 14
9.895 15
9.920 14
10.700 15
10.725 14
11.150 15
15.460 14
15.660 15
17.360 14
20.615 15
30.110 13
30.235 14
30.485 15
37.615 10
37.885 11
38.425 12
38.960 13
39.500 14
40.040 15
40.410 14
42.160 15
46.715 13
46.795 14
46.950 15
50.900 14
52.295 13
53.010 15
53.045 14
53.115 13
53.195 14
53.205 15
53.220 14
53.240 13
53.310 15
53.325 14
53.355 13
53.400 14
57.055 15
67.110 14
70.345 15
76.070 14
81.380 15
84.110 14
88.065 15
93.630 14
94.120 13
95.000 14
95.035 15
103.105 14
103.405 15
107.035 14
107.080 13
107.205 14
107.405 15
112.615 14
115.695 15
176.400 14
177.865 15
178.010 14
