0 15
35.505 14
35.515 15
47.960 14
48.405 15
51.815 14
52.400 15
52.425 14
52.700 15
52.725 14
53.220 15
68.050 14
68.855 15
74.550 14
75.160 15
78.705 15
85.450 14
85.610 15
91.310 14
93.310 15
93.415 14
94.495 15
94.520 14
97.655 15
101.905 14
101.920 15
105.455 14
107.060 15
113.080 14
114.815 13
115.210 14
116.510 15
117.505 14
117.520 15
119.805 14
119.815 15
122.605 14
122.615 15
124.560 14
125.005 15
128.500 14
128.515 15
129.100 14
129.115 15
129.800 14
129.815 15
130.870 14
132.260 15
132.310 11
132.410 12
132.610 13
132.810 14
133.010 15
137.010 14
137.310 15
143.805 14
143.820 15
148.560 14
148.660 15
148.760 14
149.260 15
162.100 14
162.115 15
168.010 14
169.475 15
175.020 14
175.195 15
175.220 14
175.300 15
175.320 14
175.495 15
175.520 14
176.195 15
176.220 14
177.215 15
178.800 14
178.815 15
179.700 14
179.715 15
