0 15
0.535 14
0.580 13
0.705 14
0.905 15
1.120 14
1.130 13
1.145 12
1.160 11
1.170 10
1.185 9
1.195 8
1.210 9
1.225 10
1.240 11
1.255 12
1.270 13
1.285 14
1.300 15
2.715 14
2.735 13
2.750 12
2.765 11
2.785 10
2.800 9
2.815 10
2.830 11
2.850 12
2.865 13
2.880 14
2.900 15
3.035 14
3.085 13
3.135 14
3.185 15
3.410 14
3.415 13
3.440 14
3.485 15
3.730 14
3.780 13
3.805 15
3.930 14
3.970 13
4.195 14
4.205 15
4.225 14
4.265 13
4.490 14
4.500 15
6.115 14
6.130 13
6.190 14
6.200 15
12.480 14
13.020 13
13.290 14
13.300 15
13.325 14
13.355 13
13.430 14
13.480 15
14.040 14
15.100 13
15.780 14
15.930 15
19.060 14
19.155 15
21.460 14
21.555 15
21.760 14
21.960 15
25.510 14
25.760 15
30.420 14
30.445 13
30.470 12
30.495 11
30.555 12
30.655 13
30.755 14
30.910 15
35.835 14
35.885 13
35.930 14
35.980 15
37.310 14
37.455 15
38.810 14
39.505 15
40.715 13
40.740 14
40.785 15
41.110 13
41.135 14
41.185 15
41.260 14
41.355 15
44.210 14
45.360 15
48.060 14
48.155 15
48.560 14
48.655 15
49.160 14
49.255 15
49.985 14
50.135 13
50.355 14
50.610 13
53.355 14
58.655 15
63.060 14
63.160 15
63.460 14
63.655 15
64.260 14
64.605 15
68.710 14
69.955 15
74.160 14
74.355 15
74.760 14
74.905 15
83.750 14
84.200 15
84.225 14
84.400 15
84.425 14
84.500 15
84.525 14
84.700 15
84.725 14
84.800 15
84.825 14
85.000 15
85.025 14
85.100 15
85.125 14
85.300 15
85.325 14
85.410 15
89.560 14
89.905 15
91.615 14
92.710 15
94.710 14
95.760 15
98.410 14
98.655 15
102.910 14
103.060 15
111.060 14
111.155 15
117.000 14
117.200 15
117.225 14
117.400 15
117.425 14
117.500 15
117.525 14
117.800 15
117.825 14
118.000 15
118.025 14
118.435 15
121.415 14
122.605 15
123.760 14
123.855 15
130.460 14
131.260 15
138.310 14
138.660 15
146.560 14
146.755 15
147.510 14
147.760 15
150.410 14
150.655 15
154.715 14
154.795 15
154.815 14
155.095 15
155.115 14
155.395 15
155.415 14
155.695 15
155.710 14
155.990 15
156.015 14
156.290 15
168.205 14
170.760 15
171.355 14
171.505 15
171.760 14
171.905 15
172.160 14
172.255 15
172.560 14
172.660 15
