0 15
2.610 12
2.615 8
2.715 9
2.915 10
3.115 11
3.310 12
3.510 13
3.710 14
3.910 15
4.400 14
6.265 15
8.215 13
8.285 14
8.305 15
8.325 14
8.345 13
9.295 14
9.305 15
16.260 14
17.710 15
18.060 14
18.310 15
37.905 14
37.910 13
37.915 14
37.925 15
39.555 14
42.860 15
53.430 14
54.895 15
54.930 14
55.265 15
59.910 14
59.915 13
60.515 14
61.715 15
77.520 14
78.005 15
78.010 14
78.200 15
78.220 14
79.295 15
83.355 15
89.915 14
96.260 15
103.710 14
104.805 15
104.815 14
107.710 15
127.215 14
128.675 15
141.400 14
144.005 15
159.500 14
162.805 15
165.305 14
165.955 15
168.910 13
168.915 11
169.335 12
170.170 13
171.000 14
171.835 15
172.550 14
172.740 15
