0 15
112.760 14
112.955 15
113.460 14
115.005 15
124.205 14
124.400 15
124.425 14
124.700 15
124.725 14
125.600 15
125.625 14
125.850 15
126.360 14
126.455 15
127.210 14
127.230 13
127.325 14
127.385 15
137.210 11
137.225 12
137.250 13
137.270 14
137.295 15
138.560 14
138.755 15
141.625 14
143.200 15
144.310 14
146.205 15
147.255 15
147.405 14
147.760 15
148.060 14
148.700 15
148.725 14
149.000 15
149.025 14
151.690 15
153.010 14
153.200 15
153.225 14
153.500 15
153.525 14
154.655 15
154.950 15
174.815 13
174.840 14
174.885 15
176.455 14
177.155 15
178.160 14
178.455 15
179.010 14
179.205 15
179.460 14
179.660 13
